минимальное  значение не соответствует калибровке. Поправлено. 
 start:  18  27  34 
Частота,                ПОДАНО       
 2.0000000e01                1.4250000e01        18  27  35 
 1.0000020e07                1.5670000e01        18  27  41 
 2.0000020e07                1.5670000e01        18  27  47 
 3.0000020e07                1.5670000e01        18  27  53 
 4.0000020e07                1.5670000e01        18  27  59 
 5.0000020e07                1.5670000e01        18  28  5 
 6.0000020e07                1.5670000e01        18  28  11 
 7.0000020e07                1.5670000e01        18  28  17 
 8.0000020e07                1.5670000e01        18  28  23 
 9.0000020e07                1.5670000e01        18  28  29 
 1.0000002e08                1.5670000e01        18  28  35 
 1.1000002e08                1.5670000e01        18  28  41 
 1.2000002e08                1.5670000e01        18  28  47 
 1.3000002e08                1.5670000e01        18  28  53 
 1.4000002e08                1.5670000e01        18  28  59 
 1.5000002e08                1.5670000e01        18  29  5 
 1.6000002e08                1.5670000e01        18  29  11 
 1.7000002e08                1.5670000e01        18  29  17 
 1.8000002e08                1.5670000e01        18  29  23 
 1.9000002e08                1.5670000e01        18  29  29 
 2.0000002e08                1.5670000e01        18  29  35 
 2.1000002e08                1.5670000e01        18  29  41 
 2.2000002e08                1.5670000e01        18  29  47 
 2.3000002e08                1.5670000e01        18  29  53 
 2.4000002e08                1.5670000e01        18  29  59 
 2.5000002e08                1.5670000e01        18  30  5 
 2.6000002e08                1.5670000e01        18  30  11 
 2.7000002e08                1.5670000e01        18  30  17 
 2.8000002e08                1.5670000e01        18  30  23 
 2.9000002e08                1.5670000e01        18  30  29 
 3.0000002e08                1.5670000e01        18  30  35 
 3.1000002e08                1.5670000e01        18  30  41 
 3.2000002e08                1.5670000e01        18  30  47 
 3.3000002e08                1.5670000e01        18  30  53 
 3.4000002e08                1.5670000e01        18  30  59 
 3.5000002e08                1.5670000e01        18  31  5 
 3.6000002e08                1.5670000e01        18  31  11 
 3.7000002e08                1.5670000e01        18  31  17 
 3.8000002e08                1.5670000e01        18  31  23 
 3.9000002e08                1.5670000e01        18  31  29 
 4.0000002e08                1.5670000e01        18  31  35 
 4.1000002e08                1.5670000e01        18  31  41 
 4.2000002e08                1.5670000e01        18  31  47 
 4.3000002e08                1.5670000e01        18  31  53 
 4.4000002e08                1.5670000e01        18  31  59 
 4.5000002e08                1.5670000e01        18  32  5 
 4.6000002e08                1.5670000e01        18  32  11 
 4.7000002e08                1.5670000e01        18  32  17 
 4.8000002e08                1.5670000e01        18  32  23 
 4.9000002e08                1.5670000e01        18  32  29 
 5.0000002e08                1.5670000e01        18  32  35 
 5.1000002e08                1.5670000e01        18  32  41 
 5.2000002e08                1.5670000e01        18  32  47 
 5.3000002e08                1.5670000e01        18  32  53 
 5.4000002e08                1.5670000e01        18  32  59 
 5.5000002e08                1.5670000e01        18  33  5 
 5.6000002e08                1.5670000e01        18  33  11 
 5.7000002e08                1.5670000e01        18  33  17 
 5.8000002e08                1.5670000e01        18  33  23 
 5.9000002e08                1.5670000e01        18  33  29 
 6.0000002e08                1.5670000e01        18  33  35 
 6.1000002e08                1.5670000e01        18  33  41 
 6.2000002e08                1.5670000e01        18  33  47 
 6.3000002e08                1.5670000e01        18  33  53 
 6.4000002e08                1.5670000e01        18  33  59 
 6.5000002e08                1.5670000e01        18  34  5 
 6.6000002e08                1.5670000e01        18  34  11 
 6.7000002e08                1.5670000e01        18  34  17 
 6.8000002e08                1.5670000e01        18  34  23 
 6.9000002e08                1.5670000e01        18  34  29 
 7.0000002e08                1.5670000e01        18  34  35 
 7.1000002e08                1.5670000e01        18  34  41 
 7.2000002e08                1.5670000e01        18  34  47 
 7.3000002e08                1.5670000e01        18  34  53 
 7.4000002e08                1.5670000e01        18  34  59 
 7.5000002e08                1.5670000e01        18  35  5 
 7.6000002e08                1.5670000e01        18  35  11 
 7.7000002e08                1.5670000e01        18  35  17 
 7.8000002e08                1.5670000e01        18  35  23 
 7.9000002e08                1.5670000e01        18  35  29 
 8.0000002e08                1.5670000e01        18  35  35 
 8.1000002e08                1.5670000e01        18  35  41 
 8.2000002e08                1.5670000e01        18  35  47 
 8.3000002e08                1.5670000e01        18  35  53 
 8.4000002e08                1.5670000e01        18  35  59 
 8.5000002e08                1.5670000e01        18  36  5 
 8.6000002e08                1.5670000e01        18  36  11 
 8.7000002e08                1.5670000e01        18  36  17 
 8.8000002e08                1.5670000e01        18  36  23 
 8.9000002e08                1.5670000e01        18  36  29 
 9.0000002e08                1.5670000e01        18  36  35 
 9.1000002e08                1.5670000e01        18  36  41 
 9.2000002e08                1.5670000e01        18  36  47 
 9.3000002e08                1.5670000e01        18  36  53 
 9.4000002e08                1.5670000e01        18  36  59 
 9.5000002e08                1.5670000e01        18  37  5 
 9.6000002e08                1.5670000e01        18  37  11 
 9.7000002e08                1.5670000e01        18  37  17 
 9.8000002e08                1.5670000e01        18  37  23 
 9.9000002e08                1.5670000e01        18  37  29 
 1.0000000e09                1.5670000e01        18  37  35 
 1.0100000e09                1.5670000e01        18  37  41 
 1.0200000e09                1.5670000e01        18  37  47 
 1.0300000e09                1.5670000e01        18  37  53 
 1.0400000e09                1.5670000e01        18  37  59 
 1.0500000e09                1.5670000e01        18  38  5 
 1.0600000e09                1.5670000e01        18  38  11 
 1.0700000e09                1.5670000e01        18  38  17 
 1.0800000e09                1.5670000e01        18  38  23 
 1.0900000e09                1.5670000e01        18  38  29 
 1.1000000e09                1.5670000e01        18  38  35 
 1.1100000e09                1.5670000e01        18  38  41 
 1.1200000e09                1.5670000e01        18  38  47 
 1.1300000e09                1.5670000e01        18  38  53 
 1.1400000e09                1.5670000e01        18  38  59 
 1.1500000e09                1.5670000e01        18  39  5 
 1.1600000e09                1.5670000e01        18  39  11 
 1.1700000e09                1.5670000e01        18  39  17 
 1.1800000e09                1.5670000e01        18  39  23 
 1.1900000e09                1.5670000e01        18  39  29 
 1.2000000e09                1.5670000e01        18  39  35 
 1.2100000e09                1.5670000e01        18  39  41 
 1.2200000e09                1.5670000e01        18  39  47 
 1.2300000e09                1.5670000e01        18  39  53 
 1.2400000e09                1.5670000e01        18  39  59 
 1.2500000e09                1.5670000e01        18  40  5 
 1.2600000e09                1.5670000e01        18  40  11 
 1.2700000e09                1.5670000e01        18  40  17 
 1.2800000e09                1.5670000e01        18  40  23 
 1.2900000e09                1.5670000e01        18  40  29 
 1.3000000e09                1.5670000e01        18  40  35 
 1.3100000e09                1.5670000e01        18  40  41 
 1.3200000e09                1.5670000e01        18  40  47 
 1.3300000e09                1.5670000e01        18  40  53 
 1.3400000e09                1.5670000e01        18  40  59 
 1.3500000e09                1.5670000e01        18  41  5 
 1.3600000e09                1.5670000e01        18  41  11 
 1.3700000e09                1.5670000e01        18  41  17 
 1.3800000e09                1.5670000e01        18  41  23 
 1.3900000e09                1.5670000e01        18  41  29 
 1.4000000e09                1.5670000e01        18  41  35 
 1.4100000e09                1.5670000e01        18  41  41 
 1.4200000e09                1.5670000e01        18  41  47 
 1.4300000e09                1.5670000e01        18  41  53 
 1.4400000e09                1.5670000e01        18  41  59 
 1.4500000e09                1.5670000e01        18  42  5 
 1.4600000e09                1.5670000e01        18  42  11 
 1.4700000e09                1.5670000e01        18  42  17 
 1.4800000e09                1.5670000e01        18  42  23 
 1.4900000e09                1.5670000e01        18  42  29 
 1.5000000e09                1.5670000e01        18  42  35 
 1.5100000e09                1.5670000e01        18  42  41 
 1.5200000e09                1.5670000e01        18  42  47 
 1.5300000e09                1.5670000e01        18  42  53 
 1.5400000e09                1.5670000e01        18  42  59 
 1.5500000e09                1.5670000e01        18  43  5 
 1.5600000e09                1.5670000e01        18  43  11 
 1.5700000e09                1.5670000e01        18  43  17 
 1.5800000e09                1.5670000e01        18  43  23 
 1.5900000e09                1.5670000e01        18  43  29 
 1.6000000e09                1.5670000e01        18  43  35 
 1.6100000e09                1.5670000e01        18  43  41 
 1.6200000e09                1.5670000e01        18  43  47 
 1.6300000e09                1.5670000e01        18  43  53 
 1.6400000e09                1.5670000e01        18  43  59 
 1.6500000e09                1.5670000e01        18  44  5 
 1.6600000e09                1.5670000e01        18  44  11 
 1.6700000e09                1.5670000e01        18  44  17 
 1.6800000e09                1.5670000e01        18  44  23 
 1.6900000e09                1.5670000e01        18  44  29 
 1.7000000e09                1.5670000e01        18  44  35 
 1.7100000e09                1.5670000e01        18  44  41 
 1.7200000e09                1.5670000e01        18  44  47 
 1.7300000e09                1.5670000e01        18  44  53 
 1.7400000e09                1.5670000e01        18  44  59 
 1.7500000e09                1.5670000e01        18  45  5 
 1.7600000e09                1.5670000e01        18  45  11 
 1.7700000e09                1.5670000e01        18  45  17 
 1.7800000e09                1.5670000e01        18  45  23 
 1.7900000e09                1.5670000e01        18  45  29 
 1.8000000e09                1.5670000e01        18  45  35 
 1.8100000e09                1.5670000e01        18  45  41 
 1.8200000e09                1.5670000e01        18  45  47 
 1.8300000e09                1.5670000e01        18  45  53 
 1.8400000e09                1.5670000e01        18  45  59 
 1.8500000e09                1.5670000e01        18  46  5 
 1.8600000e09                1.5670000e01        18  46  11 
 1.8700000e09                1.5670000e01        18  46  17 
 1.8800000e09                1.5670000e01        18  46  23 
 1.8900000e09                1.5670000e01        18  46  29 
 1.9000000e09                1.5670000e01        18  46  35 
 1.9100000e09                1.5670000e01        18  46  41 
 1.9200000e09                1.5670000e01        18  46  47 
 1.9300000e09                1.5670000e01        18  46  53 
 1.9400000e09                1.5670000e01        18  46  59 
 1.9500000e09                1.5670000e01        18  47  5 
 1.9600000e09                1.5670000e01        18  47  11 
 1.9700000e09                1.5670000e01        18  47  17 
 1.9800000e09                1.5670000e01        18  47  23 
 1.9900000e09                1.5670000e01        18  47  29 
 2.0000000e09                1.5670000e01        18  47  35 
 2.0100000e09                1.5670000e01        18  47  41 
 2.0200000e09                1.5670000e01        18  47  47 
 2.0300000e09                1.5670000e01        18  47  53 
 2.0400000e09                1.5670000e01        18  47  59 
 2.0500000e09                1.5670000e01        18  48  5 
 2.0600000e09                1.5670000e01        18  48  11 
 2.0700000e09                1.5670000e01        18  48  17 
 2.0800000e09                1.5670000e01        18  48  23 
 2.0900000e09                1.5670000e01        18  48  29 
 2.1000000e09                1.5670000e01        18  48  35 
 2.1100000e09                1.5670000e01        18  48  41 
 2.1200000e09                1.5670000e01        18  48  47 
 2.1300000e09                1.5670000e01        18  48  53 
 2.1400000e09                1.5670000e01        18  48  59 
 2.1500000e09                1.5670000e01        18  49  5 
 2.1600000e09                1.5670000e01        18  49  11 
 2.1700000e09                1.5670000e01        18  49  17 
 2.1800000e09                1.5670000e01        18  49  23 
 2.1900000e09                1.5670000e01        18  49  29 
 2.2000000e09                1.5670000e01        18  49  35 
 2.2100000e09                1.5670000e01        18  49  41 
 2.2200000e09                1.5670000e01        18  49  47 
 2.2300000e09                1.5670000e01        18  49  53 
 2.2400000e09                1.5670000e01        18  49  59 
 2.2500000e09                1.5670000e01        18  50  5 
 2.2600000e09                1.5670000e01        18  50  11 
 2.2700000e09                1.5670000e01        18  50  17 
 2.2800000e09                1.5670000e01        18  50  23 
 2.2900000e09                1.5670000e01        18  50  29 
 2.3000000e09                1.5670000e01        18  50  35 
 2.3100000e09                1.5670000e01        18  50  41 
 2.3200000e09                1.5670000e01        18  50  47 
 2.3300000e09                1.5670000e01        18  50  53 
 2.3400000e09                1.5670000e01        18  50  59 
 2.3500000e09                1.5670000e01        18  51  5 
 2.3600000e09                1.5670000e01        18  51  11 
 2.3700000e09                1.5670000e01        18  51  17 
 2.3800000e09                1.5670000e01        18  51  23 
 2.3900000e09                1.5670000e01        18  51  29 
 2.4000000e09                1.5670000e01        18  51  35 
 2.4100000e09                1.5670000e01        18  51  41 
 2.4200000e09                1.5670000e01        18  51  47 
 2.4300000e09                1.5670000e01        18  51  53 
 2.4400000e09                1.5670000e01        18  51  59 
 2.4500000e09                1.5670000e01        18  52  5 
 2.4600000e09                1.5670000e01        18  52  11 
 2.4700000e09                1.5670000e01        18  52  17 
 2.4800000e09                1.5670000e01        18  52  23 
 2.4900000e09                1.5670000e01        18  52  29 
 2.5000000e09                1.5670000e01        18  52  35 
 2.5100000e09                1.5670000e01        18  52  41 
 2.5200000e09                1.5670000e01        18  52  47 
 2.5300000e09                1.5670000e01        18  52  53 
 2.5400000e09                1.5670000e01        18  52  59 
 2.5500000e09                1.5670000e01        18  53  5 
 2.5600000e09                1.5670000e01        18  53  11 
 2.5700000e09                1.5670000e01        18  53  17 
 2.5800000e09                1.5670000e01        18  53  23 
 2.5900000e09                1.5670000e01        18  53  29 
 2.6000000e09                1.5670000e01        18  53  35 
 2.6100000e09                1.5670000e01        18  53  41 
 2.6200000e09                1.5670000e01        18  53  47 
 2.6300000e09                1.5670000e01        18  53  53 
 2.6400000e09                1.5670000e01        18  53  59 
 2.6500000e09                1.5670000e01        18  54  5 
 2.6600000e09                1.5670000e01        18  54  11 
 2.6700000e09                1.5670000e01        18  54  17 
 2.6800000e09                1.5670000e01        18  54  23 
 2.6900000e09                1.5670000e01        18  54  29 
 2.7000000e09                1.5670000e01        18  54  35 
 2.7100000e09                1.5670000e01        18  54  41 
 2.7200000e09                1.5670000e01        18  54  47 
 2.7300000e09                1.5670000e01        18  54  53 
 2.7400000e09                1.5670000e01        18  54  59 
 2.7500000e09                1.5670000e01        18  55  5 
 2.7600000e09                1.5670000e01        18  55  11 
 2.7700000e09                1.5670000e01        18  55  17 
 2.7800000e09                1.5670000e01        18  55  23 
 2.7900000e09                1.5670000e01        18  55  29 
 2.8000000e09                1.5670000e01        18  55  35 
 2.8100000e09                1.5670000e01        18  55  41 
 2.8200000e09                1.5670000e01        18  55  47 
 2.8300000e09                1.5670000e01        18  55  53 
 2.8400000e09                1.5670000e01        18  55  59 
 2.8500000e09                1.5670000e01        18  56  5 
 2.8600000e09                1.5670000e01        18  56  11 
 2.8700000e09                1.5670000e01        18  56  17 
 2.8800000e09                1.5670000e01        18  56  23 
 2.8900000e09                1.5670000e01        18  56  29 
 2.9000000e09                1.5670000e01        18  56  35 
 2.9100000e09                1.5670000e01        18  56  41 
 2.9200000e09                1.5670000e01        18  56  47 
 2.9300000e09                1.5670000e01        18  56  53 
 2.9400000e09                1.5670000e01        18  56  59 
 2.9500000e09                1.5670000e01        18  57  5 
 2.9600000e09                1.5670000e01        18  57  11 
 2.9700000e09                1.5670000e01        18  57  17 
 2.9800000e09                1.5670000e01        18  57  23 
 2.9900000e09                1.5670000e01        18  57  29 
 3.0000000e09                1.5670000e01        18  57  35 
 3.0100000e09                1.5670000e01        18  57  41 
 3.0200000e09                1.5670000e01        18  57  47 
 3.0300000e09                1.5670000e01        18  57  53 
 3.0400000e09                1.5670000e01        18  57  59 
 3.0500000e09                1.5670000e01        18  58  5 
 3.0600000e09                1.5670000e01        18  58  11 
 3.0700000e09                1.5670000e01        18  58  17 
 3.0800000e09                1.5670000e01        18  58  23 
 3.0900000e09                1.5670000e01        18  58  29 
 3.1000000e09                1.5670000e01        18  58  35 
 3.1100000e09                1.5670000e01        18  58  41 
 3.1200000e09                1.5670000e01        18  58  47 
stop:  18  58  49 
Работа завершена