start:  10  49  58 
Файл генератора подключен 
Запуск  генератора: 
Генератор обнаружен 
Калибровка загружена 
Частота,                ПОДАНО       
 1.0000000e06                2.0000000e01        10  50  4 
 2.0000000e06                2.0000000e01        10  50  9 
 3.0000000e06                2.0000000e01        10  50  14 
 4.0000000e06                2.0000000e01        10  50  19 
 5.0000000e06                2.0000000e01        10  50  24 
 6.0000000e06                2.0000000e01        10  50  28 
 7.0000000e06                2.0000000e01        10  50  33 
 8.0000000e06                2.0000000e01        10  50  38 
 9.0000000e06                2.0000000e01        10  50  43 
 1.0000000e07                2.0000000e01        10  50  48 
stop:  10  50  48 
Работа завершена