start:  22  36  44 
Файл генератора подключен 
Запуск  генератора: 
Генератор обнаружен 
Калибровка загружена 
Частота,                ПОДАНО       
 1.0000000e00                2.0000000e01        22  36  46 
 1.0000001e07                2.0000000e01        22  36  52 
 2.0000001e07                2.0000000e01        22  36  58 
 3.0000001e07                2.0000000e01        22  37  4 
 4.0000001e07                2.0000000e01        22  37  10 
 5.0000001e07                2.0000000e01        22  37  16 
 6.0000001e07                2.0000000e01        22  37  22 
 7.0000001e07                2.0000000e01        22  37  28 
 8.0000001e07                2.0000000e01        22  37  34 
 9.0000001e07                2.0000000e01        22  37  40 
 1.0000000e08                2.0000000e01        22  37  46 
 1.1000000e08                1.9788889e01        22  37  52 
 1.2000000e08                1.9577778e01        22  37  58 
 1.3000000e08                1.9366667e01        22  38  4 
 1.4000000e08                1.9155556e01        22  38  10 
 1.5000000e08                1.8944444e01        22  38  16 
 1.6000000e08                1.8733333e01        22  38  22 
 1.7000000e08                1.8522222e01        22  38  28 
 1.8000000e08                1.8311111e01        22  38  34 
 1.9000000e08                1.8100000e01        22  38  40 
 2.0000000e08                1.7888889e01        22  38  46 
 2.1000000e08                1.7677778e01        22  38  52 
 2.2000000e08                1.7466667e01        22  38  58 
 2.3000000e08                1.7255556e01        22  39  4 
 2.4000000e08                1.7044444e01        22  39  10 
 2.5000000e08                1.6833333e01        22  39  16 
 2.6000000e08                1.6622222e01        22  39  22 
 2.7000000e08                1.6411111e01        22  39  28 
 2.8000000e08                1.6200000e01        22  39  34 
 2.9000000e08                1.5988889e01        22  39  40 
 3.0000000e08                1.5777778e01        22  39  46 
 3.1000000e08                1.5566667e01        22  39  52 
 3.2000000e08                1.5355556e01        22  39  58 
 3.3000000e08                1.5144444e01        22  40  4 
 3.4000000e08                1.4933333e01        22  40  10 
 3.5000000e08                1.4722222e01        22  40  16 
 3.6000000e08                1.4511111e01        22  40  22 
 3.7000000e08                1.4300000e01        22  40  28 
 3.8000000e08                1.4088889e01        22  40  34 
 3.9000000e08                1.3877778e01        22  40  40 
 4.0000000e08                1.3666667e01        22  40  46 
 4.1000000e08                1.3455556e01        22  40  52 
 4.2000000e08                1.3244444e01        22  40  58 
 4.3000000e08                1.3033333e01        22  41  4 
 4.4000000e08                1.2822222e01        22  41  10 
 4.5000000e08                1.2611111e01        22  41  16 
 4.6000000e08                1.2400000e01        22  41  22 
 4.7000000e08                1.2188889e01        22  41  28 
 4.8000000e08                1.1977778e01        22  41  34 
 4.9000000e08                1.1766667e01        22  41  40 
 5.0000000e08                1.1555556e01        22  41  46 
 5.1000000e08                1.1344444e01        22  41  52 
 5.2000000e08                1.1133333e01        22  41  58 
 5.3000000e08                1.0922222e01        22  42  4 
 5.4000000e08                1.0711111e01        22  42  10 
 5.5000000e08                1.0500000e01        22  42  16 
 5.6000000e08                1.0288889e01        22  42  22 
 5.7000000e08                1.0077778e01        22  42  28 
 5.8000000e08                9.8666666e00        22  42  34 
 5.9000000e08                9.6555555e00        22  42  40 
 6.0000000e08                9.4444444e00        22  42  46 
 6.1000000e08                9.2333333e00        22  42  52 
 6.2000000e08                9.0222222e00        22  42  58 
 6.3000000e08                8.8111111e00        22  43  4 
 6.4000000e08                8.6000000e00        22  43  10 
 6.5000000e08                8.3888889e00        22  43  16 
 6.6000000e08                8.1777778e00        22  43  22 
 6.7000000e08                7.9666666e00        22  43  28 
 6.8000000e08                7.7555555e00        22  43  34 
 6.9000000e08                7.5444444e00        22  43  40 
 7.0000000e08                7.3333333e00        22  43  46 
 7.1000000e08                7.1222222e00        22  43  52 
 7.2000000e08                6.9111111e00        22  43  58 
stop:  22  44  3 
Работа завершена